A = (0,1.4)
B = (0.4,2.26)
C = (0.5,6.14967053333336)
D = (0.5,5.741604066666662)
E = (0.5,5.928028200000073)
F = (1,7.274176799999917)
G = (1,7.458228400000015)
H = (1,7.19973660000009)
I = (2,9.412259666666836)
J = (2,9.561476866666654)
K = (2,9.618857600000146)